db.chapter.aggregate( [{ $group: {  _id: { bookId: "$bookId", number: "$number" }, count: { $sum:  1 }, docs: { $push: "$_id" } }}, { $match: { count: { $gt : 1 } }}],{ allowDiskUse: true} )


=================

db.book.find({_id: {$in: [11,59,60,61,138,140,119,201,6360]}})
db.book.remove({_id: {$in: [11,59,60,61,138,140,119,201,6360]}})



db.chapter.count({bookId:{$in: [11,59,60,61,138,140,119,201,6360]}})
db.chapter.find({bookId:{$in: [11,59,60,61,138,140,119,201,6360]}})
db.chapter.remove({bookId:{$in: [11,59,60,61,138,140,119,201,6360]}})

db.book.count({_id: {$in: [3072, 7169, 11274, 1036, 2061, 17421, 4111, 12304, 4113, 7185, 2066, 10261, 6168, 15385, 3099,10267, 6172, 10270, 13343, 8225, 8229, 4135, 10281, 16427,12335, 13362, 10298, 14402, 18502, 18504, 14409, 2126, 10318,11343, 18511, 18513, 18514, 14423, 11355, 18524, 13406, 18526,11359, 3169, 18530, 3171, 15459, 6244, 18532, 2149, 18533,18534, 18535, 10344, 6249, 9322, 17526, 7287, 11383, 12409,11386, 12410, 14459, 5244, 1151, 5249, 1154, 4226, 1158, 5254, 11400, 1161, 3210, 14475, 15499, 2189, 11405, 2191, 5263,8340, 11413, 9366, 16535, 4249, 4250, 9372, 4255, 5279,1184, 3234, 6306, 9381, 12453, 9382, 1191, 8361, 1195, 11441, 16562, 9395, 11443, 16564, 15542, 13495, 4280, 6328, 16568, 10425, 11450, 8379, 5308, 10429, 15549, 16574, 2243, 8388,246, 199, 4296, 202, 11467, 13516, 8397, 13517, 6350,16591, 2256, 9424, 1233, 6353, 12497, 14546, 16594, 17619,15574, 16603, 9439, 224, 1248, 2273, 7396, 17637, 233, 13545, 4334, 4335, 8431, 9455, 12528, 14577, 18675, 7413, 1270,17654, 3320, 249, 250, 5370, 2300, 5375, 3330, 10498,18690, 2307, 18692, 261, 10502, 8457, 17674, 13581, 17677, 6415, 5392, 14609, 5394, 10520, 14616, 282, 5402, 6429, 15645,4382, 6430, 1312, 5408, 7457, 13602, 7466, 11562, 13610,15658, 301, 17712, 1329, 5426, 11571, 15668, 9526, 10554,5436, 3391, 17729, 13635, 9545, 14667, 17741, 16718, 7503, 340, 5462, 6486, 14681, 5468, 350, 2400, 2401, 5474, 10594,15717, 1384, 362, 18797, 2415, 8560, 1394, 5492, 10613,1399, 6519, 13689, 2426, 5503, 3456, 14722, 3462, 18826, 9611, 18827, 3468, 5517, 5520, 2454, 6554, 7578, 18843, 13724,2461, 15773, 18845, 6559, 18847, 17824, 17826, 14756, 423,6568, 4521, 10665, 7595, 14764, 14765, 2478, 15797, 1462,9654, 17847, 5560, 4539, 6593, 11717, 14791, 3528, 4553, 458, 1482, 17871, 464, 3538, 13778, 3541, 477, 18913, 15843,485, 1509, 486, 3560, 14834, 500, 18939, 7677, 510, 2558, 12799, 17928, 17930, 17931, 5644, 17936, 529, 10774, 536, 6681, 5663, 11807, 544, 1574, 6694, 12844, 7726, 560,14897, 3639, 6713, 2620, 4669, 10816, 4675, 10820, 8775,7753, 3658, 10826, 4683, 5711, 12881, 13906, 8788, 16982, 14936, 16984, 1626, 7772, 7773, 606, 16990, 4703, 4704, 4705,11875, 4718, 6766, 4719, 9840, 4723, 9843, 1653, 4725,4729, 3706, 13946, 4731, 11899, 4732, 5757, 14980, 13957, 18055, 16009, 9868, 17036, 6797, 19085, 3726, 19087, 5779, 6804,661, 6808, 9880, 7836, 15004, 15005, 5790, 11934, 16030,7841, 3746, 16034, 5795, 1700, 18084, 677, 9893, 7847,5801, 5802, 19114, 1709, 9903, 2737, 12977, 17073, 3762, 6835, 692, 6838, 12983, 19127, 3772, 9916, 19132, 14015, 8896,15041, 9922, 5828, 9924, 5829, 712, 19147, 17105, 723,3795, 1748, 5845, 17111, 11993, 2778, 8922, 18143, 1761, 10977, 16098, 17123, 2788, 5860, 1765, 9957, 18152, 3817, 746,18154, 6892, 8940, 9964, 2797, 18157, 1774, 10990, 9968,16112, 10994, 755, 17139, 756, 757, 13048, 3834, 15099, 9982, 16126, 4863, 1792, 8960, 2818, 16132, 2821, 17157, 15111, 16138, 1803, 780, 6925, 16141, 783, 17169, 786, 2834,17171, 4884, 13076, 18197, 2838, 8982, 15132, 5917, 16157,3872, 19232, 7974, 17190, 4904, 3883, 2865, 818, 9010, 12083, 17204, 16181, 9014, 4928, 9024, 18241, 14148, 5959, 18251,12113, 14163, 2903, 3930, 16219, 15196, 8029, 3936, 19298,3940, 10084, 7013, 18280, 18281, 5994, 14189, 12148, 4982,4984, 14203, 10113, 18307, 18311, 5001, 13196, 3982, 3983,9105, 9114, 923, 1957, 7077, 15273, 12203, 7085, 4014, 11183, 16308, 11189, 14262, 3001, 3002, 7103, 16319, 16320, 962,4043, 1997, 11213, 3024, 14290, 10196, 2005, 14295, 10200,14296, 2009, 14297, 11226, 992, 993, 2019, 13283, 996, 16360, 6122, 4075, 14320, 4085, 13301]}})
db.book.find({_id: {$in: [3072, 7169, 11274, 1036, 2061, 17421, 4111, 12304, 4113, 7185, 2066, 10261, 6168, 15385, 3099,10267, 6172, 10270, 13343, 8225, 8229, 4135, 10281, 16427,12335, 13362, 10298, 14402, 18502, 18504, 14409, 2126, 10318,11343, 18511, 18513, 18514, 14423, 11355, 18524, 13406, 18526,11359, 3169, 18530, 3171, 15459, 6244, 18532, 2149, 18533,18534, 18535, 10344, 6249, 9322, 17526, 7287, 11383, 12409,11386, 12410, 14459, 5244, 1151, 5249, 1154, 4226, 1158, 5254, 11400, 1161, 3210, 14475, 15499, 2189, 11405, 2191, 5263,8340, 11413, 9366, 16535, 4249, 4250, 9372, 4255, 5279,1184, 3234, 6306, 9381, 12453, 9382, 1191, 8361, 1195, 11441, 16562, 9395, 11443, 16564, 15542, 13495, 4280, 6328, 16568, 10425, 11450, 8379, 5308, 10429, 15549, 16574, 2243, 8388,246, 199, 4296, 202, 11467, 13516, 8397, 13517, 6350,16591, 2256, 9424, 1233, 6353, 12497, 14546, 16594, 17619,15574, 16603, 9439, 224, 1248, 2273, 7396, 17637, 233, 13545, 4334, 4335, 8431, 9455, 12528, 14577, 18675, 7413, 1270,17654, 3320, 249, 250, 5370, 2300, 5375, 3330, 10498,18690, 2307, 18692, 261, 10502, 8457, 17674, 13581, 17677, 6415, 5392, 14609, 5394, 10520, 14616, 282, 5402, 6429, 15645,4382, 6430, 1312, 5408, 7457, 13602, 7466, 11562, 13610,15658, 301, 17712, 1329, 5426, 11571, 15668, 9526, 10554,5436, 3391, 17729, 13635, 9545, 14667, 17741, 16718, 7503, 340, 5462, 6486, 14681, 5468, 350, 2400, 2401, 5474, 10594,15717, 1384, 362, 18797, 2415, 8560, 1394, 5492, 10613,1399, 6519, 13689, 2426, 5503, 3456, 14722, 3462, 18826, 9611, 18827, 3468, 5517, 5520, 2454, 6554, 7578, 18843, 13724,2461, 15773, 18845, 6559, 18847, 17824, 17826, 14756, 423,6568, 4521, 10665, 7595, 14764, 14765, 2478, 15797, 1462,9654, 17847, 5560, 4539, 6593, 11717, 14791, 3528, 4553, 458, 1482, 17871, 464, 3538, 13778, 3541, 477, 18913, 15843,485, 1509, 486, 3560, 14834, 500, 18939, 7677, 510, 2558, 12799, 17928, 17930, 17931, 5644, 17936, 529, 10774, 536, 6681, 5663, 11807, 544, 1574, 6694, 12844, 7726, 560,14897, 3639, 6713, 2620, 4669, 10816, 4675, 10820, 8775,7753, 3658, 10826, 4683, 5711, 12881, 13906, 8788, 16982, 14936, 16984, 1626, 7772, 7773, 606, 16990, 4703, 4704, 4705,11875, 4718, 6766, 4719, 9840, 4723, 9843, 1653, 4725,4729, 3706, 13946, 4731, 11899, 4732, 5757, 14980, 13957, 18055, 16009, 9868, 17036, 6797, 19085, 3726, 19087, 5779, 6804,661, 6808, 9880, 7836, 15004, 15005, 5790, 11934, 16030,7841, 3746, 16034, 5795, 1700, 18084, 677, 9893, 7847,5801, 5802, 19114, 1709, 9903, 2737, 12977, 17073, 3762, 6835, 692, 6838, 12983, 19127, 3772, 9916, 19132, 14015, 8896,15041, 9922, 5828, 9924, 5829, 712, 19147, 17105, 723,3795, 1748, 5845, 17111, 11993, 2778, 8922, 18143, 1761, 10977, 16098, 17123, 2788, 5860, 1765, 9957, 18152, 3817, 746,18154, 6892, 8940, 9964, 2797, 18157, 1774, 10990, 9968,16112, 10994, 755, 17139, 756, 757, 13048, 3834, 15099, 9982, 16126, 4863, 1792, 8960, 2818, 16132, 2821, 17157, 15111, 16138, 1803, 780, 6925, 16141, 783, 17169, 786, 2834,17171, 4884, 13076, 18197, 2838, 8982, 15132, 5917, 16157,3872, 19232, 7974, 17190, 4904, 3883, 2865, 818, 9010, 12083, 17204, 16181, 9014, 4928, 9024, 18241, 14148, 5959, 18251,12113, 14163, 2903, 3930, 16219, 15196, 8029, 3936, 19298,3940, 10084, 7013, 18280, 18281, 5994, 14189, 12148, 4982,4984, 14203, 10113, 18307, 18311, 5001, 13196, 3982, 3983,9105, 9114, 923, 1957, 7077, 15273, 12203, 7085, 4014, 11183, 16308, 11189, 14262, 3001, 3002, 7103, 16319, 16320, 962,4043, 1997, 11213, 3024, 14290, 10196, 2005, 14295, 10200,14296, 2009, 14297, 11226, 992, 993, 2019, 13283, 996, 16360, 6122, 4075, 14320, 4085, 13301]}})
db.book.remove({_id: {$in: [3072, 7169, 11274, 1036, 2061, 17421, 4111, 12304, 4113, 7185, 2066, 10261, 6168, 15385, 3099,10267, 6172, 10270, 13343, 8225, 8229, 4135, 10281, 16427,12335, 13362, 10298, 14402, 18502, 18504, 14409, 2126, 10318,11343, 18511, 18513, 18514, 14423, 11355, 18524, 13406, 18526,11359, 3169, 18530, 3171, 15459, 6244, 18532, 2149, 18533,18534, 18535, 10344, 6249, 9322, 17526, 7287, 11383, 12409,11386, 12410, 14459, 5244, 1151, 5249, 1154, 4226, 1158, 5254, 11400, 1161, 3210, 14475, 15499, 2189, 11405, 2191, 5263,8340, 11413, 9366, 16535, 4249, 4250, 9372, 4255, 5279,1184, 3234, 6306, 9381, 12453, 9382, 1191, 8361, 1195, 11441, 16562, 9395, 11443, 16564, 15542, 13495, 4280, 6328, 16568, 10425, 11450, 8379, 5308, 10429, 15549, 16574, 2243, 8388,246, 199, 4296, 202, 11467, 13516, 8397, 13517, 6350,16591, 2256, 9424, 1233, 6353, 12497, 14546, 16594, 17619,15574, 16603, 9439, 224, 1248, 2273, 7396, 17637, 233, 13545, 4334, 4335, 8431, 9455, 12528, 14577, 18675, 7413, 1270,17654, 3320, 249, 250, 5370, 2300, 5375, 3330, 10498,18690, 2307, 18692, 261, 10502, 8457, 17674, 13581, 17677, 6415, 5392, 14609, 5394, 10520, 14616, 282, 5402, 6429, 15645,4382, 6430, 1312, 5408, 7457, 13602, 7466, 11562, 13610,15658, 301, 17712, 1329, 5426, 11571, 15668, 9526, 10554,5436, 3391, 17729, 13635, 9545, 14667, 17741, 16718, 7503, 340, 5462, 6486, 14681, 5468, 350, 2400, 2401, 5474, 10594,15717, 1384, 362, 18797, 2415, 8560, 1394, 5492, 10613,1399, 6519, 13689, 2426, 5503, 3456, 14722, 3462, 18826, 9611, 18827, 3468, 5517, 5520, 2454, 6554, 7578, 18843, 13724,2461, 15773, 18845, 6559, 18847, 17824, 17826, 14756, 423,6568, 4521, 10665, 7595, 14764, 14765, 2478, 15797, 1462,9654, 17847, 5560, 4539, 6593, 11717, 14791, 3528, 4553, 458, 1482, 17871, 464, 3538, 13778, 3541, 477, 18913, 15843,485, 1509, 486, 3560, 14834, 500, 18939, 7677, 510, 2558, 12799, 17928, 17930, 17931, 5644, 17936, 529, 10774, 536, 6681, 5663, 11807, 544, 1574, 6694, 12844, 7726, 560,14897, 3639, 6713, 2620, 4669, 10816, 4675, 10820, 8775,7753, 3658, 10826, 4683, 5711, 12881, 13906, 8788, 16982, 14936, 16984, 1626, 7772, 7773, 606, 16990, 4703, 4704, 4705,11875, 4718, 6766, 4719, 9840, 4723, 9843, 1653, 4725,4729, 3706, 13946, 4731, 11899, 4732, 5757, 14980, 13957, 18055, 16009, 9868, 17036, 6797, 19085, 3726, 19087, 5779, 6804,661, 6808, 9880, 7836, 15004, 15005, 5790, 11934, 16030,7841, 3746, 16034, 5795, 1700, 18084, 677, 9893, 7847,5801, 5802, 19114, 1709, 9903, 2737, 12977, 17073, 3762, 6835, 692, 6838, 12983, 19127, 3772, 9916, 19132, 14015, 8896,15041, 9922, 5828, 9924, 5829, 712, 19147, 17105, 723,3795, 1748, 5845, 17111, 11993, 2778, 8922, 18143, 1761, 10977, 16098, 17123, 2788, 5860, 1765, 9957, 18152, 3817, 746,18154, 6892, 8940, 9964, 2797, 18157, 1774, 10990, 9968,16112, 10994, 755, 17139, 756, 757, 13048, 3834, 15099, 9982, 16126, 4863, 1792, 8960, 2818, 16132, 2821, 17157, 15111, 16138, 1803, 780, 6925, 16141, 783, 17169, 786, 2834,17171, 4884, 13076, 18197, 2838, 8982, 15132, 5917, 16157,3872, 19232, 7974, 17190, 4904, 3883, 2865, 818, 9010, 12083, 17204, 16181, 9014, 4928, 9024, 18241, 14148, 5959, 18251,12113, 14163, 2903, 3930, 16219, 15196, 8029, 3936, 19298,3940, 10084, 7013, 18280, 18281, 5994, 14189, 12148, 4982,4984, 14203, 10113, 18307, 18311, 5001, 13196, 3982, 3983,9105, 9114, 923, 1957, 7077, 15273, 12203, 7085, 4014, 11183, 16308, 11189, 14262, 3001, 3002, 7103, 16319, 16320, 962,4043, 1997, 11213, 3024, 14290, 10196, 2005, 14295, 10200,14296, 2009, 14297, 11226, 992, 993, 2019, 13283, 996, 16360, 6122, 4075, 14320, 4085, 13301]}})



db.chapter.count({bookId:{$in: [3072, 7169, 11274, 1036, 2061, 17421, 4111, 12304, 4113, 7185, 2066, 10261, 6168, 15385, 3099,10267, 6172, 10270, 13343, 8225, 8229, 4135, 10281, 16427,12335, 13362, 10298, 14402, 18502, 18504, 14409, 2126, 10318,11343, 18511, 18513, 18514, 14423, 11355, 18524, 13406, 18526,11359, 3169, 18530, 3171, 15459, 6244, 18532, 2149, 18533,18534, 18535, 10344, 6249, 9322, 17526, 7287, 11383, 12409,11386, 12410, 14459, 5244, 1151, 5249, 1154, 4226, 1158, 5254, 11400, 1161, 3210, 14475, 15499, 2189, 11405, 2191, 5263,8340, 11413, 9366, 16535, 4249, 4250, 9372, 4255, 5279,1184, 3234, 6306, 9381, 12453, 9382, 1191, 8361, 1195, 11441, 16562, 9395, 11443, 16564, 15542, 13495, 4280, 6328, 16568, 10425, 11450, 8379, 5308, 10429, 15549, 16574, 2243, 8388,246, 199, 4296, 202, 11467, 13516, 8397, 13517, 6350,16591, 2256, 9424, 1233, 6353, 12497, 14546, 16594, 17619,15574, 16603, 9439, 224, 1248, 2273, 7396, 17637, 233, 13545, 4334, 4335, 8431, 9455, 12528, 14577, 18675, 7413, 1270,17654, 3320, 249, 250, 5370, 2300, 5375, 3330, 10498,18690, 2307, 18692, 261, 10502, 8457, 17674, 13581, 17677, 6415, 5392, 14609, 5394, 10520, 14616, 282, 5402, 6429, 15645,4382, 6430, 1312, 5408, 7457, 13602, 7466, 11562, 13610,15658, 301, 17712, 1329, 5426, 11571, 15668, 9526, 10554,5436, 3391, 17729, 13635, 9545, 14667, 17741, 16718, 7503, 340, 5462, 6486, 14681, 5468, 350, 2400, 2401, 5474, 10594,15717, 1384, 362, 18797, 2415, 8560, 1394, 5492, 10613,1399, 6519, 13689, 2426, 5503, 3456, 14722, 3462, 18826, 9611, 18827, 3468, 5517, 5520, 2454, 6554, 7578, 18843, 13724,2461, 15773, 18845, 6559, 18847, 17824, 17826, 14756, 423,6568, 4521, 10665, 7595, 14764, 14765, 2478, 15797, 1462,9654, 17847, 5560, 4539, 6593, 11717, 14791, 3528, 4553, 458, 1482, 17871, 464, 3538, 13778, 3541, 477, 18913, 15843,485, 1509, 486, 3560, 14834, 500, 18939, 7677, 510, 2558, 12799, 17928, 17930, 17931, 5644, 17936, 529, 10774, 536, 6681, 5663, 11807, 544, 1574, 6694, 12844, 7726, 560,14897, 3639, 6713, 2620, 4669, 10816, 4675, 10820, 8775,7753, 3658, 10826, 4683, 5711, 12881, 13906, 8788, 16982, 14936, 16984, 1626, 7772, 7773, 606, 16990, 4703, 4704, 4705,11875, 4718, 6766, 4719, 9840, 4723, 9843, 1653, 4725,4729, 3706, 13946, 4731, 11899, 4732, 5757, 14980, 13957, 18055, 16009, 9868, 17036, 6797, 19085, 3726, 19087, 5779, 6804,661, 6808, 9880, 7836, 15004, 15005, 5790, 11934, 16030,7841, 3746, 16034, 5795, 1700, 18084, 677, 9893, 7847,5801, 5802, 19114, 1709, 9903, 2737, 12977, 17073, 3762, 6835, 692, 6838, 12983, 19127, 3772, 9916, 19132, 14015, 8896,15041, 9922, 5828, 9924, 5829, 712, 19147, 17105, 723,3795, 1748, 5845, 17111, 11993, 2778, 8922, 18143, 1761, 10977, 16098, 17123, 2788, 5860, 1765, 9957, 18152, 3817, 746,18154, 6892, 8940, 9964, 2797, 18157, 1774, 10990, 9968,16112, 10994, 755, 17139, 756, 757, 13048, 3834, 15099, 9982, 16126, 4863, 1792, 8960, 2818, 16132, 2821, 17157, 15111, 16138, 1803, 780, 6925, 16141, 783, 17169, 786, 2834,17171, 4884, 13076, 18197, 2838, 8982, 15132, 5917, 16157,3872, 19232, 7974, 17190, 4904, 3883, 2865, 818, 9010, 12083, 17204, 16181, 9014, 4928, 9024, 18241, 14148, 5959, 18251,12113, 14163, 2903, 3930, 16219, 15196, 8029, 3936, 19298,3940, 10084, 7013, 18280, 18281, 5994, 14189, 12148, 4982,4984, 14203, 10113, 18307, 18311, 5001, 13196, 3982, 3983,9105, 9114, 923, 1957, 7077, 15273, 12203, 7085, 4014, 11183, 16308, 11189, 14262, 3001, 3002, 7103, 16319, 16320, 962,4043, 1997, 11213, 3024, 14290, 10196, 2005, 14295, 10200,14296, 2009, 14297, 11226, 992, 993, 2019, 13283, 996, 16360, 6122, 4075, 14320, 4085, 13301]}})
db.chapter.find({bookId:{$in: [3072, 7169, 11274, 1036, 2061, 17421, 4111, 12304, 4113, 7185, 2066, 10261, 6168, 15385, 3099,10267, 6172, 10270, 13343, 8225, 8229, 4135, 10281, 16427,12335, 13362, 10298, 14402, 18502, 18504, 14409, 2126, 10318,11343, 18511, 18513, 18514, 14423, 11355, 18524, 13406, 18526,11359, 3169, 18530, 3171, 15459, 6244, 18532, 2149, 18533,18534, 18535, 10344, 6249, 9322, 17526, 7287, 11383, 12409,11386, 12410, 14459, 5244, 1151, 5249, 1154, 4226, 1158, 5254, 11400, 1161, 3210, 14475, 15499, 2189, 11405, 2191, 5263,8340, 11413, 9366, 16535, 4249, 4250, 9372, 4255, 5279,1184, 3234, 6306, 9381, 12453, 9382, 1191, 8361, 1195, 11441, 16562, 9395, 11443, 16564, 15542, 13495, 4280, 6328, 16568, 10425, 11450, 8379, 5308, 10429, 15549, 16574, 2243, 8388,246, 199, 4296, 202, 11467, 13516, 8397, 13517, 6350,16591, 2256, 9424, 1233, 6353, 12497, 14546, 16594, 17619,15574, 16603, 9439, 224, 1248, 2273, 7396, 17637, 233, 13545, 4334, 4335, 8431, 9455, 12528, 14577, 18675, 7413, 1270,17654, 3320, 249, 250, 5370, 2300, 5375, 3330, 10498,18690, 2307, 18692, 261, 10502, 8457, 17674, 13581, 17677, 6415, 5392, 14609, 5394, 10520, 14616, 282, 5402, 6429, 15645,4382, 6430, 1312, 5408, 7457, 13602, 7466, 11562, 13610,15658, 301, 17712, 1329, 5426, 11571, 15668, 9526, 10554,5436, 3391, 17729, 13635, 9545, 14667, 17741, 16718, 7503, 340, 5462, 6486, 14681, 5468, 350, 2400, 2401, 5474, 10594,15717, 1384, 362, 18797, 2415, 8560, 1394, 5492, 10613,1399, 6519, 13689, 2426, 5503, 3456, 14722, 3462, 18826, 9611, 18827, 3468, 5517, 5520, 2454, 6554, 7578, 18843, 13724,2461, 15773, 18845, 6559, 18847, 17824, 17826, 14756, 423,6568, 4521, 10665, 7595, 14764, 14765, 2478, 15797, 1462,9654, 17847, 5560, 4539, 6593, 11717, 14791, 3528, 4553, 458, 1482, 17871, 464, 3538, 13778, 3541, 477, 18913, 15843,485, 1509, 486, 3560, 14834, 500, 18939, 7677, 510, 2558, 12799, 17928, 17930, 17931, 5644, 17936, 529, 10774, 536, 6681, 5663, 11807, 544, 1574, 6694, 12844, 7726, 560,14897, 3639, 6713, 2620, 4669, 10816, 4675, 10820, 8775,7753, 3658, 10826, 4683, 5711, 12881, 13906, 8788, 16982, 14936, 16984, 1626, 7772, 7773, 606, 16990, 4703, 4704, 4705,11875, 4718, 6766, 4719, 9840, 4723, 9843, 1653, 4725,4729, 3706, 13946, 4731, 11899, 4732, 5757, 14980, 13957, 18055, 16009, 9868, 17036, 6797, 19085, 3726, 19087, 5779, 6804,661, 6808, 9880, 7836, 15004, 15005, 5790, 11934, 16030,7841, 3746, 16034, 5795, 1700, 18084, 677, 9893, 7847,5801, 5802, 19114, 1709, 9903, 2737, 12977, 17073, 3762, 6835, 692, 6838, 12983, 19127, 3772, 9916, 19132, 14015, 8896,15041, 9922, 5828, 9924, 5829, 712, 19147, 17105, 723,3795, 1748, 5845, 17111, 11993, 2778, 8922, 18143, 1761, 10977, 16098, 17123, 2788, 5860, 1765, 9957, 18152, 3817, 746,18154, 6892, 8940, 9964, 2797, 18157, 1774, 10990, 9968,16112, 10994, 755, 17139, 756, 757, 13048, 3834, 15099, 9982, 16126, 4863, 1792, 8960, 2818, 16132, 2821, 17157, 15111, 16138, 1803, 780, 6925, 16141, 783, 17169, 786, 2834,17171, 4884, 13076, 18197, 2838, 8982, 15132, 5917, 16157,3872, 19232, 7974, 17190, 4904, 3883, 2865, 818, 9010, 12083, 17204, 16181, 9014, 4928, 9024, 18241, 14148, 5959, 18251,12113, 14163, 2903, 3930, 16219, 15196, 8029, 3936, 19298,3940, 10084, 7013, 18280, 18281, 5994, 14189, 12148, 4982,4984, 14203, 10113, 18307, 18311, 5001, 13196, 3982, 3983,9105, 9114, 923, 1957, 7077, 15273, 12203, 7085, 4014, 11183, 16308, 11189, 14262, 3001, 3002, 7103, 16319, 16320, 962,4043, 1997, 11213, 3024, 14290, 10196, 2005, 14295, 10200,14296, 2009, 14297, 11226, 992, 993, 2019, 13283, 996, 16360, 6122, 4075, 14320, 4085, 13301]}})
db.chapter.remove({bookId:{$in: [3072, 7169, 11274, 1036, 2061, 17421, 4111, 12304, 4113, 7185, 2066, 10261, 6168, 15385, 3099,10267, 6172, 10270, 13343, 8225, 8229, 4135, 10281, 16427,12335, 13362, 10298, 14402, 18502, 18504, 14409, 2126, 10318,11343, 18511, 18513, 18514, 14423, 11355, 18524, 13406, 18526,11359, 3169, 18530, 3171, 15459, 6244, 18532, 2149, 18533,18534, 18535, 10344, 6249, 9322, 17526, 7287, 11383, 12409,11386, 12410, 14459, 5244, 1151, 5249, 1154, 4226, 1158, 5254, 11400, 1161, 3210, 14475, 15499, 2189, 11405, 2191, 5263,8340, 11413, 9366, 16535, 4249, 4250, 9372, 4255, 5279,1184, 3234, 6306, 9381, 12453, 9382, 1191, 8361, 1195, 11441, 16562, 9395, 11443, 16564, 15542, 13495, 4280, 6328, 16568, 10425, 11450, 8379, 5308, 10429, 15549, 16574, 2243, 8388,246, 199, 4296, 202, 11467, 13516, 8397, 13517, 6350,16591, 2256, 9424, 1233, 6353, 12497, 14546, 16594, 17619,15574, 16603, 9439, 224, 1248, 2273, 7396, 17637, 233, 13545, 4334, 4335, 8431, 9455, 12528, 14577, 18675, 7413, 1270,17654, 3320, 249, 250, 5370, 2300, 5375, 3330, 10498,18690, 2307, 18692, 261, 10502, 8457, 17674, 13581, 17677, 6415, 5392, 14609, 5394, 10520, 14616, 282, 5402, 6429, 15645,4382, 6430, 1312, 5408, 7457, 13602, 7466, 11562, 13610,15658, 301, 17712, 1329, 5426, 11571, 15668, 9526, 10554,5436, 3391, 17729, 13635, 9545, 14667, 17741, 16718, 7503, 340, 5462, 6486, 14681, 5468, 350, 2400, 2401, 5474, 10594,15717, 1384, 362, 18797, 2415, 8560, 1394, 5492, 10613,1399, 6519, 13689, 2426, 5503, 3456, 14722, 3462, 18826, 9611, 18827, 3468, 5517, 5520, 2454, 6554, 7578, 18843, 13724,2461, 15773, 18845, 6559, 18847, 17824, 17826, 14756, 423,6568, 4521, 10665, 7595, 14764, 14765, 2478, 15797, 1462,9654, 17847, 5560, 4539, 6593, 11717, 14791, 3528, 4553, 458, 1482, 17871, 464, 3538, 13778, 3541, 477, 18913, 15843,485, 1509, 486, 3560, 14834, 500, 18939, 7677, 510, 2558, 12799, 17928, 17930, 17931, 5644, 17936, 529, 10774, 536, 6681, 5663, 11807, 544, 1574, 6694, 12844, 7726, 560,14897, 3639, 6713, 2620, 4669, 10816, 4675, 10820, 8775,7753, 3658, 10826, 4683, 5711, 12881, 13906, 8788, 16982, 14936, 16984, 1626, 7772, 7773, 606, 16990, 4703, 4704, 4705,11875, 4718, 6766, 4719, 9840, 4723, 9843, 1653, 4725,4729, 3706, 13946, 4731, 11899, 4732, 5757, 14980, 13957, 18055, 16009, 9868, 17036, 6797, 19085, 3726, 19087, 5779, 6804,661, 6808, 9880, 7836, 15004, 15005, 5790, 11934, 16030,7841, 3746, 16034, 5795, 1700, 18084, 677, 9893, 7847,5801, 5802, 19114, 1709, 9903, 2737, 12977, 17073, 3762, 6835, 692, 6838, 12983, 19127, 3772, 9916, 19132, 14015, 8896,15041, 9922, 5828, 9924, 5829, 712, 19147, 17105, 723,3795, 1748, 5845, 17111, 11993, 2778, 8922, 18143, 1761, 10977, 16098, 17123, 2788, 5860, 1765, 9957, 18152, 3817, 746,18154, 6892, 8940, 9964, 2797, 18157, 1774, 10990, 9968,16112, 10994, 755, 17139, 756, 757, 13048, 3834, 15099, 9982, 16126, 4863, 1792, 8960, 2818, 16132, 2821, 17157, 15111, 16138, 1803, 780, 6925, 16141, 783, 17169, 786, 2834,17171, 4884, 13076, 18197, 2838, 8982, 15132, 5917, 16157,3872, 19232, 7974, 17190, 4904, 3883, 2865, 818, 9010, 12083, 17204, 16181, 9014, 4928, 9024, 18241, 14148, 5959, 18251,12113, 14163, 2903, 3930, 16219, 15196, 8029, 3936, 19298,3940, 10084, 7013, 18280, 18281, 5994, 14189, 12148, 4982,4984, 14203, 10113, 18307, 18311, 5001, 13196, 3982, 3983,9105, 9114, 923, 1957, 7077, 15273, 12203, 7085, 4014, 11183, 16308, 11189, 14262, 3001, 3002, 7103, 16319, 16320, 962,4043, 1997, 11213, 3024, 14290, 10196, 2005, 14295, 10200,14296, 2009, 14297, 11226, 992, 993, 2019, 13283, 996, 16360, 6122, 4075, 14320, 4085, 13301]}})




db.book.remove({_id: {$in: [2246]}})
db.chapter.remove({bookId:{$in: [2246]}})

